%% Custom polygon coordinates in metres for use with SolveTorsionSimplyConnectedRod.m

% xcs: coordinates of polygon in metres
% ycs: y coordinates of polygon in metres

%% Original Widths
xcs = [0.01, 0.0075, 0.005, 0.0025, 0.0, -0.0025, -0.005, -0.0075, -0.0075, -0.0075, -0.0075, -0.01, -0.0125, -0.0125, -0.0125, -0.0125, -0.015, -0.0175, -0.02, -0.02, -0.02, -0.0175, -0.015, -0.0125, -0.0125, -0.0125, -0.0125, -0.01, -0.0075, -0.0075, -0.0075, -0.0075, -0.005, -0.0025, 0.0, 0.0, 0.0, 0.0, 0.0, -0.0025, -0.005, -0.0075, -0.01, -0.0125, -0.015, -0.015, -0.015, -0.015, -0.015, -0.015, -0.015, -0.015, -0.0175, -0.02, -0.0225, -0.0225, -0.0225, -0.02, -0.0175, -0.015, -0.015, -0.015, -0.015, -0.0125, -0.01, -0.01, -0.01, -0.01, -0.0075, -0.005, -0.0025, -0.0025, -0.0025, -0.005, -0.0075, -0.01, -0.01, -0.01, -0.01, -0.0075, -0.005, -0.0025, 0.0, 0.0, 0.0, 0.0, 0.0, 0.0, 0.0, 0.0025, 0.005, 0.0075, 0.01, 0.0125, 0.015, 0.0175, 0.0175, 0.0175, 0.0175, 0.02, 0.0225, 0.0225, 0.0225, 0.0225, 0.025, 0.0275, 0.03, 0.03, 0.03, 0.0275, 0.025, 0.0225, 0.0225, 0.0225, 0.0225, 0.02, 0.0175, 0.0175, 0.0175, 0.0175, 0.015, 0.0125, 0.01, 0.01, 0.01, 0.01, 0.01, 0.0125, 0.015, 0.0175, 0.02, 0.0225, 0.025, 0.025, 0.025, 0.025, 0.025, 0.025, 0.025, 0.025, 0.0275, 0.03, 0.0325, 0.0325, 0.0325, 0.03, 0.0275, 0.025, 0.025, 0.025, 0.025, 0.0225, 0.02, 0.02, 0.02, 0.02, 0.0175, 0.015, 0.0125, 0.0125, 0.0125, 0.015, 0.0175, 0.02, 0.02, 0.02, 0.02, 0.0175, 0.015, 0.0125, 0.01, 0.01, 0.01, 0.01, 0.01, 0.01];
ycs = [ 0.0, 0.0, 0.0, 0.0, 0.0, 0.0, 0.0, 0.0, 0.0025, 0.005, 0.0075, 0.0075, 0.0075, 0.005, 0.0025, 0.0, 0.0, 0.0, 0.0, -0.0025, -0.005, -0.005, -0.005, -0.005, -0.0075, -0.01, -0.0125, -0.0125, -0.0125, -0.01, -0.0075, -0.005, -0.005, -0.005, -0.005, -0.0075, -0.01, -0.0125, -0.015, -0.015, -0.015, -0.015, -0.015, -0.015, -0.015, -0.0175, -0.02, -0.0225, -0.025, -0.0275, -0.03, -0.0325, -0.0325, -0.0325, -0.0325, -0.035, -0.0375, -0.0375, -0.0375, -0.0375, -0.04, -0.0425, -0.045, -0.045, -0.045, -0.0425, -0.04, -0.0375, -0.0375, -0.0375, -0.0375, -0.035, -0.0325, -0.0325, -0.0325, -0.0325, -0.03, -0.0275, -0.025, -0.025, -0.025, -0.025, -0.025, -0.0275, -0.03, -0.0325, -0.035, -0.0375, -0.04, -0.04, -0.04, -0.04, -0.04, -0.04, -0.04, -0.04, -0.0425, -0.045, -0.0475, -0.0475, -0.0475, -0.045, -0.0425, -0.04, -0.04, -0.04, -0.04, -0.0375, -0.035, -0.035, -0.035, -0.035, -0.0325, -0.03, -0.0275, -0.0275, -0.0275, -0.03, -0.0325, -0.035, -0.035, -0.035, -0.035, -0.0325, -0.03, -0.0275, -0.025, -0.025, -0.025, -0.025, -0.025, -0.025, -0.025, -0.0225, -0.02, -0.0175, -0.015, -0.0125, -0.01, -0.0075, -0.0075, -0.0075, -0.0075, -0.005, -0.0025, -0.0025, -0.0025, -0.0025, -0.0, 0.0025, 0.005, 0.005, 0.005, 0.0025, 0.0, -0.0025, -0.0025, -0.0025, -0.0025, -0.005, -0.0075, -0.0075, -0.0075, -0.0075, -0.01, -0.0125, -0.015, -0.015, -0.015, -0.015, -0.015, -0.0125, -0.01, -0.0075, -0.005, -0.0025];

%% Thick Widths
%xcs = [0.00625, 0.00525, 0.00425, 0.00325, 0.00225, 0.00125, 0.00025, -0.00075, -0.00175, -0.00275, -0.00375, -0.00475, -0.00575, -0.00675, -0.00775, -0.00875, -0.00975, -0.01075, -0.01175, -0.01275, -0.01312, -0.01312, -0.01312, -0.01312, -0.01312, -0.01312, -0.01312, -0.01388, -0.01488, -0.01588, -0.01688, -0.01788, -0.01887, -0.01937, -0.01937, -0.01937, -0.01937, -0.01937, -0.01937, -0.01937, -0.02000, -0.02100, -0.02200, -0.02300, -0.02400, -0.02500, -0.02600, -0.02625, -0.02625, -0.02625, -0.02625, -0.02625, -0.02625, -0.02575, -0.02475, -0.02375, -0.02275, -0.02175, -0.02075, -0.01975, -0.01937, -0.01937, -0.01937, -0.01937, -0.01937, -0.01937, -0.01937, -0.01862, -0.01762, -0.01663, -0.01562, -0.01462, -0.01362, -0.01312, -0.01312, -0.01312, -0.01312, -0.01312, -0.01312, -0.01312, -0.01250, -0.01150, -0.01050, -0.00950, -0.00850, -0.00750, -0.00650, -0.00625, -0.00625, -0.00625, -0.00625, -0.00625, -0.00625, -0.00625, -0.00650, -0.00750, -0.00850, -0.00950, -0.01050, -0.01150, -0.01250, -0.01350, -0.01450, -0.01550, -0.01650, -0.01750, -0.01850, -0.01950, -0.02000, -0.02000, -0.02000, -0.02000, -0.02000, -0.02000, -0.02000, -0.02000, -0.02000, -0.02000, -0.02000, -0.02000, -0.02000, -0.02000, -0.02000, -0.02000, -0.02000, -0.02000, -0.02000, -0.02013, -0.02112, -0.02212, -0.02312, -0.02413, -0.02513, -0.02612, -0.02687, -0.02687, -0.02687, -0.02687, -0.02687, -0.02687, -0.02687, -0.02587, -0.02487, -0.02388, -0.02287, -0.02187, -0.02087, -0.02000, -0.02000, -0.02000, -0.02000, -0.02000, -0.02000, -0.02000, -0.01975, -0.01875, -0.01775, -0.01675, -0.01575, -0.01475, -0.01375, -0.01375, -0.01375, -0.01375, -0.01375, -0.01375, -0.01375, -0.01362, -0.01262, -0.01163, -0.01063, -0.00962, -0.00863, -0.00762, -0.00688, -0.00688, -0.00688, -0.00688, -0.00688, -0.00688, -0.00688, -0.00788, -0.00887, -0.00988, -0.01087, -0.01188, -0.01288, -0.01375, -0.01375, -0.01375, -0.01375, -0.01375, -0.01375, -0.01375, -0.01350, -0.01250, -0.01150, -0.01050, -0.00950, -0.00850, -0.00750, -0.00650, -0.00625, -0.00625, -0.00625, -0.00625, -0.00625, -0.00625, -0.00625, -0.00625, -0.00625, -0.00625, -0.00625, -0.00625, -0.00625, -0.00625, -0.00525, -0.00425, -0.00325, -0.00225, -0.00125, -0.00025, 0.00075, 0.00175, 0.00275, 0.00375, 0.00475, 0.00575, 0.00675, 0.00775, 0.00875, 0.00975, 0.01075, 0.01175, 0.01275, 0.01312, 0.01312, 0.01312, 0.01312, 0.01312, 0.01312, 0.01312, 0.01388, 0.01488, 0.01588, 0.01688, 0.01788, 0.01887, 0.01937, 0.01937, 0.01937, 0.01937, 0.01937, 0.01937, 0.01937, 0.02000, 0.02100, 0.02200, 0.02300, 0.02400, 0.02500, 0.02600, 0.02625, 0.02625, 0.02625, 0.02625, 0.02625, 0.02625, 0.02575, 0.02475, 0.02375, 0.02275, 0.02175, 0.02075, 0.01975, 0.01937, 0.01937, 0.01937, 0.01937, 0.01937, 0.01937, 0.01937, 0.01862, 0.01762, 0.01663, 0.01562, 0.01462, 0.01362, 0.01312, 0.01312, 0.01312, 0.01312, 0.01312, 0.01312, 0.01312, 0.01250, 0.01150, 0.01050, 0.00950, 0.00850, 0.00750, 0.00650, 0.00625, 0.00625, 0.00625, 0.00625, 0.00625, 0.00625, 0.00625, 0.00650, 0.00750, 0.00850, 0.00950, 0.01050, 0.01150, 0.01250, 0.01350, 0.01450, 0.01550, 0.01650, 0.01750, 0.01850, 0.01950, 0.02000, 0.02000, 0.02000, 0.02000, 0.02000, 0.02000, 0.02000, 0.02000, 0.02000, 0.02000, 0.02000, 0.02000, 0.02000, 0.02000, 0.02000, 0.02000, 0.02000, 0.02000, 0.02000, 0.02013, 0.02112, 0.02212, 0.02312, 0.02413, 0.02513, 0.02612, 0.02687, 0.02687, 0.02687, 0.02687, 0.02687, 0.02687, 0.02687, 0.02587, 0.02487, 0.02388, 0.02287, 0.02187, 0.02087, 0.02000, 0.02000, 0.02000, 0.02000, 0.02000, 0.02000, 0.02000, 0.01975, 0.01875, 0.01775, 0.01675, 0.01575, 0.01475, 0.01375, 0.01375, 0.01375, 0.01375, 0.01375, 0.01375, 0.01375, 0.01362, 0.01262, 0.01163, 0.01063, 0.00962, 0.00863, 0.00762, 0.00688, 0.00688, 0.00688, 0.00688, 0.00688, 0.00688, 0.00688, 0.00788, 0.00887, 0.00988, 0.01087, 0.01188, 0.01288, 0.01375, 0.01375, 0.01375, 0.01375, 0.01375, 0.01375, 0.01375, 0.01350, 0.01250, 0.01150, 0.01050, 0.00950, 0.00850, 0.00750, 0.00650, 0.00625, 0.00625, 0.00625, 0.00625, 0.00625, 0.00625, 0.00625, 0.00625, 0.00625, 0.00625, 0.00625, 0.00625, 0.00625 ];
